169


.I
.I
.I
.I(PF)



.I(PF)
.I
#a i_[10]
?arr
?a
.I
.M
~a
!a
.M

.I
=spitx 1
=spitx 0
=spitx 128
=spitx[0] 0
?spitx d
=spitx[1] 0
?spitx d
=spitx[1] 128
=spitx[0] 7
=spitx[0] 255
=spitx[1] 255
=spitx[1] 7
=spitx[1] 0
=spitx[1] 2
=spitx[1] 128
=spitx[1] 127
=spitx 7
=spitx[1] 100
=spitx[1] 255
=spitx[1] 0
=spitx[1] 1
=spitx[1] 2
=spitx[1] 100
=spitx[1] 200
=spitx[0] 200
=spitx[0] 0
=spitx[1] 100
=spitx[1] 0
=spitx[1] 200
=spitx 7
=spitx[1] 200
=spitx[1] 100
=spitx[1] 00
=spitx[1] 0
=spitx[1] 250
=spitx[1] 0
=spitx[0] 7
=spitx[1] 100
=spitx[1] 0
=spitx[1] 250
=spitx[1] 255
=spitx[1] 120

=spitx[1] 100
=spitx[1] 255
=spitx[1] 0
=spitx[1] 100
=spitx[1] 0
=spitx[1] 120
.V
.V
.V
.V
.V
.V

.V
.V
.I
?led4
=led4 10
=led4 170
?led4
=led4 5
?led4
?led4
#arr i[10]
#arr i_[10]
.I
!arr
=led4 10
=led4 100

.I
=image {0,0,516096,522240,523776,32512,7936,3968,1920,896,896,1920,3968,262016,2096896,2095104,2096128,64512,15360,7168,15360,31744,8386560,8386560,8384512,7340032,0,0}
@CNN
=image {0,0,0,520192,523264,523776,16128,3968,1920,896,896,896,896,3968,8064,16128,130048,261120,4194048,4194240,4136944,1008,240,0,0,0,0,0} 
@CNN
=image {0,0,28672,61440,61440,126976,254848,516992,1017728,2033536,1969920,3935744,3939840,7880416,16777184,16777184,16777184,61440,126976,122880,245760,507904,491520,491520,458752,0,0,0}
@CNN
=image {0,0,0,0,262112,262128,262128,496,992,960,3968,3968,3840,7680,15360,31744,30720,61440,61440,126976,122880,122880,0,0,0,0,0,0}
@CNN
=image {0,0,32256,65024,130944,520064,1034112,987008,925440,1031680,1048064,522240,261120,130560,261888,257792,495360,984832,986880,925440,933376,1047552,1046528,1044480,229376,0,0,0}
@CNN
=image {0,0,7936,32512,65280,130816,257792,524032,507648,523776,523776,523776,15360,14336,30720,30720,61440,122880,122880,245760,245760,245760,229376,229376,0,0,0,0}
@CNN

.I
=image {0,0,458752,491520,524160,262016,262016,491520,491520,491520,522240,523264,523776,15872,7680,7680,7680,15360,31744,261120,260096,253952,0,0,0,0,0,0}
@CNN
=image {0,0,0,0,260096,261120,261632,16128,3840,3840,1920,1920,896,1920,3968,130944,262080,262112,259040,496,240,112,240,1008,524256,524224,524032,0}
@CNN
=image {0,0,3840,16320,65472,262080,522240,516096,491520,491520,516096,261632,130944,262016,257920,491520,491520,1015808,983040,983040,1015808,1048320,524032,261888,0,0,0,0}
@CNN
=image {0,0,32512,65280,261888,1040384,1032192,983040,983040,1032192,507904,129024,32512,32512,130816,260096,516096,491520,458752,491520,523776,261632,261632,3584,0,0,0,0}
@CNN
=image {0,0,14336,64512,261120,4193792,8379904,8261120,7867904,3584,65024,130560,261632,253952,245760,229376,245760,253952,258048,130048,32704,16320,8128,0,0,0,0,0}
@CNN
=image {0,0,0,258048,261120,261120,32256,7936,3968,1984,960,448,448,16320,32704,32704,31680,29632,32640,32640,16256,16128,3840,0,0,0,0,0}
@CNN
=image {0,0,522240,524032,524224,8160,1008,240,16368,65520,131056,258160,508016,491632,491632,983152,917616,917616,983152,983152,1032432,520688,262128,65504,16320,0,0,0}
@CNN
=image {0,0,253952,260096,261632,65280,8064,3968,1920,896,896,32640,65408,65408,259968,518016,511872,1023744,1015552,1047552,1046528,1040384,507904,0,0,0,0,0}
@CNN
=image {0,0,458752,507904,516096,520192,126976,63488,31744,15872,15872,3584,3840,261888,524032,1048320,984832,919296,919296,919296,986880,986880,1048064,523776,261120,0,0,0}
@CNN
=image {0,0,0,4161536,4177920,4186112,3792896,3989504,3993600,3962880,3962880,1980416,2045952,2095104,2095104,2095104,1961984,1835008,1835008,1835008,1966080,1966080,917504,983040,983040,983040,0,0}
@CNN
=image {0,0,0,2064384,2093056,4192256,4062208,4079104,1973760,2035456,1019648,1033984,519936,524032,524032,523776,229376,245760,245760,122880,122880,57344,61440,63488,30720,30720,30720,0}
@CNN
=image {0,0,31449088,33550336,33553408,33324544,16269056,8130304,4065152,2033536,1016704,509824,262016,130944,130560,523776,1039872,1019776,921472,918464,918464,983488,1016256,516544,262080,262080,32640,0}
@CNN
=image {0,0,8126464,8323072,8355840,1032192,258048,129024,30720,15360,7680,7936,524160,524160,1048512,983488,1966560,1966304,1835248,1966320,1966192,917616,917616,1015920,254448,262128,131040,32704}
@CNN
=image {0,2031616,2064384,2080768,520192,126976,61440,130560,261632,1048064,4185600,8330752,8130048,7867904,7868160,7868160,8130304,4071168,2096896,2096640,1047552,0,0,0,0,0,0,0}
@CNN
=image {0,0,1046528,2095104,2095104,1966080,1835008,1835008,1966080,2031616,1015808,516096,258048,1048064,2096640,8388096,8130048,7864320,7340032,7340032,7340032,7864320,4063232,4128768,2080768,520192,126976,61440}
@CNN
=image {0,0,520192,1047552,1048320,999168,921344,919424,984960,983936,493440,507776,261888,261632,258048,253952,1044480,1046528,1014784,932864,925184,921344,921344,1019648,509696,521984,130816,32512}
@CNN
=image {0,8384512,8387584,8388096,8273664,3673984,3934144,3933120,3933152,1966304,2031840,2064608,2089184,2094048,2031584,2031552,925568,917504,983040,983040,458752,458752,458752,458752,458752,458752,0,0}
@CNN
=image {0,0,0,0,7168,237056,237056,232960,233216,233216,231296,246656,115584,115648,8242112,8380896,8387808,524256,65504,59360,61440,28672,28672,28672,14336,14336,14336,14336}
@CNN
=image {0,0,0,1040384,1047552,2096128,1981952,1974016,1969920,984960,1017728,508800,516992,260992,262016,245632,237440,231296,229376,229376,245760,245760,245760,122880,122880,122880,122880,0}
@CNN
.I
=image {0,0,1047552,2096128,4193280,8126464,7864320,7340032,7340032,8257536,2064384,2093056,1048064,1048064,2096640,4128768,3932160,3670016,3670016,3932160,3932160,1966080,2031616,1046528,522240,260096,0,0}
@CNN
=image {0,1835008,1865728,1865728,1865728,1981440,1973760,925184,921472,918400,918464,15139776,16761280,16777152,16777152,524160,229376,245760,114688,114688,114688,122880,122880,122880,0,0,0,0}
@CNN
=image {0,0,0,14336,14336,14336,16775168,16775168,16776192,130048,7168,7168,523776,1048064,2096640,1969664,1835008,1835008,1835008,1966080,2031616,2066176,1048320,261888,65280,0,0,0}
@CNN
=image {0,0,1032192,1044480,1048064,949760,990976,1019648,495360,253696,261632,130048,520192,1044480,2093056,1994752,1866752,1842176,1842688,1969664,1969920,986880,1017600,517888,261888,65280,15872,0}
@CNN

.I
.I
=image {0,14680064,16515072,16775168,16776192,1047552,130048,7168,523776,2096640,2096640,1973760,1835008,1835008,1966080,2031616,983040,507904,519680,130560,130560,31744,0,0,0,0,0,0}
@MNIST
=image {0,0,0,0,0,28672,30720,522240,2096128,4193792,8265216,16256512,15732480,14683904,14681856,14681856,14681856,14681856,14683904,14683904,16268800,16678400,8387584,2093056,516096,0,0,0}
@MNIST
=image {0,0,65018880,67050496,67108352,4193792,126720,3840,1792,3840,32512,523776,2096128,4177920,4063232,3670016,3670016,3932160,4063232,1967872,2084608,261888,261632,30720,0,0,0,0}
@MNIST


.I
.V
